0 0.502030 0.164711 0.257104 0.226534
0 0.584574 0.384025 0.223275 0.190433
0 0.432003 0.539711 0.127876 0.167870
0 0.597091 0.616426 0.153586 0.229242
0 0.444520 0.738267 0.102842 0.137184
0 0.559202 0.877256 0.061570 0.084838
0 0.624831 0.945848 0.069689 0.102888
0 0.793640 0.916065 0.039242 0.104693
0 0.895805 0.316336 0.054127 0.065884
0 0.970568 0.384025 0.039919 0.087545
0 0.981055 0.478791 0.037889 0.065884
0 0.935386 0.546029 0.035859 0.057762
0 0.974628 0.619585 0.038566 0.053249
0 0.974966 0.729242 0.046008 0.088448
0 0.916779 0.796029 0.050068 0.066787
0 0.239851 0.313628 0.056157 0.067690
0 0.221245 0.389440 0.031123 0.044224
0 0.265562 0.429603 0.038566 0.061372
0 0.178958 0.841155 0.138701 0.158845
